745795
745796
745797
745798
745799
745800
745801
745802
745803
745804
745805
745806
745807
745808
745809
745810
745811
745812
745813
745814
745815
745816
745817
745818
745819
745820
745821
745822
745823
745824
745825
745826
745827
745828
745829
745830
745831
745832
745833
745834
745835
745836
745837
745838
745839
745840
745841
745842
745843
745844
745845
745846
745847
745848
745849
745850
745851
745852
745853
745854
745855
745856
745857
745858
745859
745860
745861
745862
745863
745864
745865
745866
745867
745868
745869
745870
745871
745872
745873
745874
745875
745876
745877
745878
745879
745880
745881
745882
745883
745884
745885
745886
745887
745888
745889
745890
745891
745892
745893
745894
745895
745896
745897
745898
745899
745900
745901
745902
745903
745904
745905
745906
745907
745908
745909
745910
745911
745912
745913
745914
745915
745916
745917
745918
745919
745920
745921
745922
745923
745924
745925
745926
745927
745928
745929
745930
745931
745932
745933
745934
745935
745936
745937
745938
745939
745940
745941
745942
745943
745944
745945
745946
745947
745948
745949
745950
745951
745952
745953
745954
745955
745956
745957
745958
745959
745960
745961
745962
745963
745964
745965
745966
745967
745968
745969
745970
745971
745972
745973
745974
745975
745976
745977
745978
745979
745980
745981
745982
745983
745984
745985
745986
745987
745988
745989
745990
745991
745992
745993
745994
745995
745996
745997
745998
745999
746000
746001
746002
746003
746004
746005
746006
746007
746008
746009
746010
746011
746012
746013
746014
746015
746016
746017
746018
746019
746020
746021
746022
746023
746024
746025
746026
746027
746028
746029
746030
746031
746032
746033
746034
746035
746036
746037
746038
746039
746040
746041
746042
746043
746044
