745545
745546
745547
745548
745549
745550
745551
745552
745553
745554
745555
745556
745557
745558
745559
745560
745561
745562
745563
745564
745565
745566
745567
745568
745569
745570
745571
745572
745573
745574
745575
745576
745577
745578
745579
745580
745581
745582
745583
745584
745585
745586
745587
745588
745589
745590
745591
745592
745593
745594
745595
745596
745597
745598
745599
745600
745601
745602
745603
745604
745605
745606
745607
745608
745609
745610
745611
745612
745613
745614
745615
745616
745617
745618
745619
745620
745621
745622
745623
745624
745625
745626
745627
745628
745629
745630
745631
745632
745633
745634
745635
745636
745637
745638
745639
745640
745641
745642
745643
745644
745645
745646
745647
745648
745649
745650
745651
745652
745653
745654
745655
745656
745657
745658
745659
745660
745661
745662
745663
745664
745665
745666
745667
745668
745669
745670
745671
745672
745673
745674
745675
745676
745677
745678
745679
745680
745681
745682
745683
745684
745685
745686
745687
745688
745689
745690
745691
745692
745693
745694
745695
745696
745697
745698
745699
745700
745701
745702
745703
745704
745705
745706
745707
745708
745709
745710
745711
745712
745713
745714
745715
745716
745717
745718
745719
745720
745721
745722
745723
745724
745725
745726
745727
745728
745729
745730
745731
745732
745733
745734
745735
745736
745737
745738
745739
745740
745741
745742
745743
745744
745745
745746
745747
745748
745749
745750
745751
745752
745753
745754
745755
745756
745757
745758
745759
745760
745761
745762
745763
745764
745765
745766
745767
745768
745769
745770
745771
745772
745773
745774
745775
745776
745777
745778
745779
745780
745781
745782
745783
745784
745785
745786
745787
745788
745789
745790
745791
745792
745793
745794
