745045
745046
745047
745048
745049
745050
745051
745052
745053
745054
745055
745056
745057
745058
745059
745060
745061
745062
745063
745064
745065
745066
745067
745068
745069
745070
745071
745072
745073
745074
745075
745076
745077
745078
745079
745080
745081
745082
745083
745084
745085
745086
745087
745088
745089
745090
745091
745092
745093
745094
745095
745096
745097
745098
745099
745100
745101
745102
745103
745104
745105
745106
745107
745108
745109
745110
745111
745112
745113
745114
745115
745116
745117
745118
745119
745120
745121
745122
745123
745124
745125
745126
745127
745128
745129
745130
745131
745132
745133
745134
745135
745136
745137
745138
745139
745140
745141
745142
745143
745144
745145
745146
745147
745148
745149
745150
745151
745152
745153
745154
745155
745156
745157
745158
745159
745160
745161
745162
745163
745164
745165
745166
745167
745168
745169
745170
745171
745172
745173
745174
745175
745176
745177
745178
745179
745180
745181
745182
745183
745184
745185
745186
745187
745188
745189
745190
745191
745192
745193
745194
745195
745196
745197
745198
745199
745200
745201
745202
745203
745204
745205
745206
745207
745208
745209
745210
745211
745212
745213
745214
745215
745216
745217
745218
745219
745220
745221
745222
745223
745224
745225
745226
745227
745228
745229
745230
745231
745232
745233
745234
745235
745236
745237
745238
745239
745240
745241
745242
745243
745244
745245
745246
745247
745248
745249
745250
745251
745252
745253
745254
745255
745256
745257
745258
745259
745260
745261
745262
745263
745264
745265
745266
745267
745268
745269
745270
745271
745272
745273
745274
745275
745276
745277
745278
745279
745280
745281
745282
745283
745284
745285
745286
745287
745288
745289
745290
745291
745292
745293
745294
