745295
745296
745297
745298
745299
745300
745301
745302
745303
745304
745305
745306
745307
745308
745309
745310
745311
745312
745313
745314
745315
745316
745317
745318
745319
745320
745321
745322
745323
745324
745325
745326
745327
745328
745329
745330
745331
745332
745333
745334
745335
745336
745337
745338
745339
745340
745341
745342
745343
745344
745345
745346
745347
745348
745349
745350
745351
745352
745353
745354
745355
745356
745357
745358
745359
745360
745361
745362
745363
745364
745365
745366
745367
745368
745369
745370
745371
745372
745373
745374
745375
745376
745377
745378
745379
745380
745381
745382
745383
745384
745385
745386
745387
745388
745389
745390
745391
745392
745393
745394
745395
745396
745397
745398
745399
745400
745401
745402
745403
745404
745405
745406
745407
745408
745409
745410
745411
745412
745413
745414
745415
745416
745417
745418
745419
745420
745421
745422
745423
745424
745425
745426
745427
745428
745429
745430
745431
745432
745433
745434
745435
745436
745437
745438
745439
745440
745441
745442
745443
745444
745445
745446
745447
745448
745449
745450
745451
745452
745453
745454
745455
745456
745457
745458
745459
745460
745461
745462
745463
745464
745465
745466
745467
745468
745469
745470
745471
745472
745473
745474
745475
745476
745477
745478
745479
745480
745481
745482
745483
745484
745485
745486
745487
745488
745489
745490
745491
745492
745493
745494
745495
745496
745497
745498
745499
745500
745501
745502
745503
745504
745505
745506
745507
745508
745509
745510
745511
745512
745513
745514
745515
745516
745517
745518
745519
745520
745521
745522
745523
745524
745525
745526
745527
745528
745529
745530
745531
745532
745533
745534
745535
745536
745537
745538
745539
745540
745541
745542
745543
745544
